[[-0.22843482]
 [-0.00079913]
 [ 0.08661511]] [[ 0.27603079 -0.14436043  0.95024579]
 [-0.94464172  0.14169643  0.29592928]
 [-0.17736692 -0.97932742 -0.09725631]]

 [[0.9015585 ]
 [0.11668402]
 [0.24278101]] [[ 0.02544854 -0.003413    0.99967031]
 [ 0.99884775 -0.04061449 -0.02556627]
 [ 0.04068836  0.99916906  0.00237548]]

 [[ 0.77479364]
 [-0.04163629]
 [ 0.25592617]] [[ 0.01880852 -0.07647508  0.99689408]
 [ 0.99948577 -0.02446006 -0.02073384]
 [ 0.02596971  0.99677142  0.07597569]]

 [[ 0.3870514 ]
 [-0.16618397]
 [ 0.31833396]] [[-0.00322795 -0.00791155  0.99996349]
 [ 0.99473576  0.10239435  0.0040212 ]
 [-0.10242242  0.99471242  0.00753938]]

 [[ 0.00859213]
 [-0.07456417]
 [ 0.2187144 ]] [[-0.00109263  0.03226812  0.99947865]
 [ 0.99799498 -0.06321564  0.00313193]
 [ 0.06328374  0.9974781  -0.03213435]]