pose: 
          position: 
            x: -0.04774301167007494
            y: 0.17430194612434657
            z: 0.717891851147367
          orientation: 
            x: 0.22145098593233342
            y: 0.8793121691661063
            z: -0.39226647318048613
            w: 0.15458519982371285

